
Exercise B - Eigenvalue-by-eigenvalue

The timings can be seen in figure PlotB.png
It is clear, that the cyclic method scales as O(n^3).
The value by values function is faster when it finds the lowest eigenvalue than when it finds all.

A random matrix A has been made: 
4.042327	6.850380	0.123360	-9.974783	-2.023414	-6.232616	0.116207	9.576289	-2.976561	1.053792	
6.850380	9.165574	-6.079388	6.571730	-3.169013	5.494033	-3.360534	-0.239757	4.752699	9.345034	
0.123360	-6.079388	-0.772777	3.655865	8.782505	-0.078153	8.341991	-6.472220	-0.213778	3.547456	
-9.974783	6.571730	3.655865	-8.683758	-2.087000	7.866721	7.368827	-2.682828	-4.501552	-2.904449	
-2.023414	-3.169013	8.782505	-2.087000	-3.953447	0.835943	-9.870294	5.014215	5.426014	-4.256881	
-6.232616	5.494033	-0.078153	7.866721	0.835943	3.031053	-4.505001	-1.808734	5.972923	-0.774264	
0.116207	-3.360534	8.341991	7.368827	-9.870294	-4.505001	-5.310680	-3.953370	1.857329	-4.739997	
9.576289	-0.239757	-6.472220	-2.682828	5.014215	-1.808734	-3.953370	9.685720	-9.151541	8.800172	
-2.976561	4.752699	-0.213778	-4.501552	5.426014	5.972923	1.857329	-9.151541	-3.838777	0.691850	
1.053792	9.345034	3.547456	-2.904449	-4.256881	-0.774264	-4.739997	8.800172	0.691850	2.092357	

Using the cyclic method, the eigenvalues are: 
[-27.739137813560482, -24.35106836264375, -9.346628377149687, -6.701590500175307, -0.466105770595895, 5.732677742429259, 6.42575760707597, 11.087813603295686, 21.257425921803623, 29.558450255715623]
Using the value by value function on A, the three highest and lowest eigenvalues can be found.
The three highest: 
[-27.73913781356054, -24.351068362643737, -9.346628377149719]
The three lowest: 
[29.558450255715623, 21.257425921803648, 11.087813603295693]
This was done by inserting "True" as a parameter in the value-by-value method, so it  could be transposed.



